[1, 5, 10, 25, 50]
2010
[1, 5, 10, 25, 50]
2015
[1, 5, 10, 25, 50]
2020
[1, 5, 10, 25, 50]
2030
[1, 5, 10, 25, 50]
2040
[1, 5, 10, 25, 50]
2050
[1, 5, 10, 25, 50]
2060
[1, 5, 10, 25, 50]
2070
[1, 5, 10, 25, 50]
2080
[1, 5, 10, 25, 50]
2090
[1, 5, 10, 25, 50]
2100
[1, 5, 10, 25, 50]
2110
[1, 5, 10, 25, 50]
2120
[1, 5, 10, 25, 50]
2130
[1, 5, 10, 25, 50]
2140
[1, 5, 10, 25, 50]
2150
[1, 5, 10, 25, 50]
2160
[1, 5, 10, 25, 50]
2170
[1, 5, 10, 25, 50]
2180
[1, 5, 10, 25, 50]
2190
[1, 5, 10, 25, 50]
2200
