Algorithm 2: changegreedy Results
[0, 0, 1, 0, 40]
41
[0, 1, 1, 0, 40]
42
[0, 0, 2, 0, 40]
42
[0, 0, 0, 1, 40]
41
[0, 1, 0, 1, 40]
42
[0, 0, 1, 1, 40]
42
[0, 1, 1, 1, 40]
43
[0, 0, 2, 1, 40]
43
[0, 0, 0, 0, 41]
41
[0, 1, 0, 0, 41]
42
[0, 0, 1, 0, 41]
42
[0, 1, 1, 0, 41]
43
[0, 0, 2, 0, 41]
43
[0, 0, 0, 1, 41]
42
[0, 1, 0, 1, 41]
43
[0, 0, 1, 1, 41]
43
[0, 1, 1, 1, 41]
44
[0, 0, 2, 1, 41]
44
[0, 0, 0, 0, 42]
42
[0, 1, 0, 0, 42]
43
[0, 0, 1, 0, 42]
43
[0, 1, 1, 0, 42]
44
[0, 0, 2, 0, 42]
44
[0, 0, 0, 1, 42]
43
[0, 1, 0, 1, 42]
44
[0, 0, 1, 1, 42]
44
[0, 1, 1, 1, 42]
45
[0, 0, 2, 1, 42]
45
[0, 0, 0, 0, 43]
43
[0, 1, 0, 0, 43]
44
[0, 0, 1, 0, 43]
44
[0, 1, 1, 0, 43]
45
[0, 0, 2, 0, 43]
45
[0, 0, 0, 1, 43]
44
[0, 1, 0, 1, 43]
45
[0, 0, 1, 1, 43]
45
[0, 1, 1, 1, 43]
46
[0, 0, 2, 1, 43]
46
[0, 0, 0, 0, 44]
44