Algorithm 3: changedp Results
36
37
37
38
34
35
35
36
36
37
35
36
36
37
37
38
34
35
35
36
36
37
35
36
36
37
37
38
34
35
35
36
36
37
35
36
36
37
37
38
34
35
35
36
36
37
35
36
36
37
37
38
35
36
36
37
37
38
36
37
37
38
38
39
35
36
36
37
37
38
36
37
37
38
38
39
35
36
36
37
37
38
36
37
37
38
38
39
35
36
36
37
37
38
36
37
37
38
38
39
35
36
36
37
37
38
36
37
37
38
38
39
36
37
37
38
38
39
37
38
38
39
39
40
36
37
37
38
38
39
37
38
38
39
39
40
36
37
37
38
38
39
37
38
38
39
39
40
36
37
37
38
38
39
37
38
38
39
39
40
36
37
37
38
38
39
37
38
38
39
39
40
37
38
38
39
39
40
38
39
39
40
40
41
37
38
38
39
39
40
38
39
39
40
40
41
37
38
38
39
39