Algorithm 3: changedp Results
15
16
17
18
19
17
16
17
18
19
20
18
17
16
17
18
19
19
18
17
18
19
18
19
15
16
17
18
19
20
16
17
18
19
20
19
17
16
17
18
19
20
18
17
18
19
20
21
19
18
17
18
19
20
20
19
18
19
20
19
20
16
17
18
19
20
21
17
18
19
20
21
20
18
17
18
19
20
21
19
18
19
20
21
22
20
19
18
19
20
21
21
20
19
20
21
20
21
17
18
14
15
16
17
18
19
15
16
17
18
19
18
16
15
16
17
18
19
17
16
17
18
19
20
18
17
16
17
18
19
19
18
17
18
19
18
19
15
16
17
18
19
20
16
17
18
19
20
19
17
16
17
18
19
20
18
17
18
19
20
21
19
18
17
18
19
20
20
19
18
19
20
19
20
16
17
18
19
20
21
17
18
19
20
21
20
18
17
18
19
20
21
19
18
19
20
21
22
20
19
18