Algorithm 3: changedp Results
[0, 2, 0, 0, 0, 2, 165]
169
[1, 2, 0, 0, 0, 2, 165]
170
[0, 0, 1, 0, 0, 2, 165]
168
[1, 0, 1, 0, 0, 2, 165]
169
[0, 1, 1, 0, 0, 2, 165]
169
[1, 1, 1, 0, 0, 2, 165]
170
[0, 2, 1, 0, 0, 2, 165]
170
[1, 2, 1, 0, 0, 2, 165]
171
[0, 0, 0, 0, 0, 1, 166]
167
[1, 0, 0, 0, 0, 1, 166]
168
[0, 1, 0, 0, 0, 1, 166]
168
[1, 1, 0, 0, 0, 1, 166]
169
[0, 2, 0, 0, 0, 1, 166]
169
[1, 2, 0, 0, 0, 1, 166]
170
[0, 0, 1, 0, 0, 1, 166]
168
[1, 0, 1, 0, 0, 1, 166]
169
[0, 1, 1, 0, 0, 1, 166]
169
[1, 1, 1, 0, 0, 1, 166]
170
[0, 2, 1, 0, 0, 1, 166]
170
[1, 2, 1, 0, 0, 1, 166]
171
[0, 0, 0, 0, 0, 0, 167]
167
[1, 0, 0, 0, 0, 0, 167]
168
[0, 1, 0, 0, 0, 0, 167]
168
[1, 1, 0, 0, 0, 0, 167]
169
[0, 2, 0, 0, 0, 0, 167]
169
[1, 2, 0, 0, 0, 0, 167]
170
[0, 0, 1, 0, 0, 0, 167]
168
[1, 0, 1, 0, 0, 0, 167]
169
[0, 1, 1, 0, 0, 0, 167]
169
[1, 1, 1, 0, 0, 0, 167]
170
[0, 2, 1, 0, 0, 0, 167]
170
[1, 2, 1, 0, 0, 0, 167]
171
[0, 0, 0, 1, 0, 0, 167]
168
[1, 0, 0, 1, 0, 0, 167]
169
[0, 1, 0, 1, 0, 0, 167]
169
[1, 1, 0, 1, 0, 0, 167]
170
[0, 2, 0, 1, 0, 0, 167]
170
[1, 2, 0, 1, 0, 0, 167]
171
[0, 0, 1, 1, 0, 0, 167]
169
[1, 0, 1, 1, 0, 0, 167]
170
[0, 1, 1, 1, 0, 0, 167]
170
[1, 1, 1, 1, 0, 0, 167]
171
[0, 2, 1, 1, 0, 0, 167]
171
[1, 2, 1, 1, 0, 0, 167]
172
[0, 0, 0, 0, 1, 0, 167]
168
[1, 0, 0, 0, 1, 0, 167]
169
[0, 1, 0, 0, 1, 0, 167]
169
[1, 1, 0, 0, 1, 0, 167]
170
[0, 2, 0, 0, 1, 0, 167]
170
[1, 2, 0, 0, 1, 0, 167]
171
[0, 0, 1, 0, 1, 0, 167]
169
[1, 0, 1, 0, 1, 0, 167]
170
[0, 1, 1, 0, 1, 0, 167]
170
[1, 1, 1, 0, 1, 0, 167]
171
[0, 2, 1, 0, 1, 0, 167]
171
[1, 2, 1, 0, 1, 0, 167]
172
[0, 0, 0, 0, 0, 2, 166]
168
[1, 0, 0, 0, 0, 2, 166]
169
[0, 1, 0, 0, 0, 2, 166]
169
[1, 1, 0, 0, 0, 2, 166]
170
[0, 2, 0, 0, 0, 2, 166]
170
[1, 2, 0, 0, 0, 2, 166]
171
[0, 0, 1, 0, 0, 2, 166]
169
[1, 0, 1, 0, 0, 2, 166]
170
[0, 1, 1, 0, 0, 2, 166]
170
[1, 1, 1, 0, 0, 2, 166]
171
[0, 2, 1, 0, 0, 2, 166]
171
[1, 2, 1, 0, 0, 2, 166]
172
[0, 0, 0, 0, 0, 1, 167]
168
[1, 0, 0, 0, 0, 1, 167]
169
[0, 1, 0, 0, 0, 1, 167]
169
[1, 1, 0, 0, 0, 1, 167]
170
[0, 2, 0, 0, 0, 1, 167]
170
[1, 2, 0, 0, 0, 1, 167]
171
[0, 0, 1, 0, 0, 1, 167]
169
[1, 0, 1, 0, 0, 1, 167]
170
[0, 1, 1, 0, 0, 1, 167]
170
[1, 1, 1, 0, 0, 1, 167]
171
[0, 2, 1, 0, 0, 1, 167]
171
[1, 2, 1, 0, 0, 1, 167]
172
[0, 0, 0, 0, 0, 0, 168]
168
[1, 0, 0, 0, 0, 0, 168]
169
[0, 1, 0, 0, 0, 0, 168]
169
[1, 1, 0, 0, 0, 0, 168]
170
[0, 2, 0, 0, 0, 0, 168]
170
[1, 2, 0, 0, 0, 0, 168]
171
[0, 0, 1, 0, 0, 0, 168]
169
[1, 0, 1, 0, 0, 0, 168]
170
[0, 1, 1, 0, 0, 0, 168]
170
[1, 1, 1, 0, 0, 0, 168]
171
[0, 2, 1, 0, 0, 0, 168]
171
[1, 2, 1, 0, 0, 0, 168]
172
[0, 0, 0, 1, 0, 0, 168]
169
[1, 0, 0, 1, 0, 0, 168]
170
[0, 1, 0, 1, 0, 0, 168]
170
[1, 1, 0, 1, 0, 0, 168]
171
[0, 2, 0, 1, 0, 0, 168]
171
[1, 2, 0, 1, 0, 0, 168]
172
[0, 0, 1, 1, 0, 0, 168]
170
[1, 0, 1, 1, 0, 0, 168]
171
[0, 1, 1, 1, 0, 0, 168]
171