Algorithm 3: changedp Results
[0, 0, 2, 2, 66]
70
[1, 0, 2, 2, 66]
71
[2, 0, 2, 2, 66]
72
[3, 0, 2, 2, 66]
73
[0, 5, 0, 2, 66]
73
[0, 3, 1, 2, 66]
72
[0, 1, 2, 2, 66]
71
[1, 1, 2, 2, 66]
72
[2, 1, 2, 2, 66]
73
[0, 0, 0, 7, 65]
72
[1, 0, 0, 7, 65]
73
[0, 0, 0, 3, 66]
69
[1, 0, 0, 3, 66]
70
[2, 0, 0, 3, 66]
71
[3, 0, 0, 3, 66]
72
[4, 0, 0, 3, 66]
73
[5, 0, 0, 3, 66]
74
[0, 1, 0, 3, 66]
70
[1, 1, 0, 3, 66]
71
[2, 1, 0, 3, 66]
72
[3, 1, 0, 3, 66]
73
[4, 1, 0, 3, 66]
74
[0, 0, 1, 7, 65]
73
[0, 2, 0, 3, 66]
71
[0, 0, 1, 3, 66]
70
[1, 0, 1, 3, 66]
71
[2, 0, 1, 3, 66]
72
[3, 0, 1, 3, 66]
73
[4, 0, 1, 3, 66]
74
[0, 3, 0, 3, 66]
72
[0, 1, 1, 3, 66]
71
[1, 1, 1, 3, 66]
72
[2, 1, 1, 3, 66]
73
[3, 1, 1, 3, 66]
74
[4, 1, 1, 3, 66]
75
[0, 4, 0, 3, 66]
73
[0, 2, 1, 3, 66]
72
[0, 0, 2, 3, 66]
71
[1, 0, 2, 3, 66]
72
[2, 0, 2, 3, 66]
73
[3, 0, 2, 3, 66]
74
[0, 5, 0, 3, 66]
74
[0, 3, 1, 3, 66]
73
[0, 1, 2, 3, 66]
72
[1, 1, 2, 3, 66]
73
[2, 1, 2, 3, 66]
74
[0, 0, 0, 8, 65]
73
[1, 0, 0, 8, 65]
74
[0, 0, 0, 4, 66]
70
[1, 0, 0, 4, 66]
71
[0, 0, 0, 0, 67]
67
[1, 0, 0, 0, 67]
68
[2, 0, 0, 0, 67]
69
[3, 0, 0, 0, 67]
70
[4, 0, 0, 0, 67]
71
[5, 0, 0, 0, 67]
72
[0, 1, 0, 0, 67]
68
[1, 1, 0, 0, 67]
69
[2, 1, 0, 0, 67]
70
[3, 1, 0, 0, 67]
71
[4, 1, 0, 0, 67]
72
[0, 0, 1, 4, 66]
71
[0, 2, 0, 0, 67]
69
[0, 0, 1, 0, 67]
68
[1, 0, 1, 0, 67]
69
[2, 0, 1, 0, 67]
70
[3, 0, 1, 0, 67]
71
[4, 0, 1, 0, 67]
72
[0, 3, 0, 0, 67]
70
[0, 1, 1, 0, 67]
69
[1, 1, 1, 0, 67]
70
[2, 1, 1, 0, 67]
71
[3, 1, 1, 0, 67]
72
[4, 1, 1, 0, 67]
73
[0, 4, 0, 0, 67]
71
[0, 2, 1, 0, 67]
70
[0, 0, 2, 0, 67]
69
[1, 0, 2, 0, 67]
70
[2, 0, 2, 0, 67]
71
[3, 0, 2, 0, 67]
72
[0, 5, 0, 0, 67]
72
[0, 3, 1, 0, 67]
71
[0, 1, 2, 0, 67]
70
[1, 1, 2, 0, 67]
71
[2, 1, 2, 0, 67]
72
[0, 0, 0, 5, 66]
71
[1, 0, 0, 5, 66]
72
[0, 0, 0, 1, 67]
68
[1, 0, 0, 1, 67]
69
[2, 0, 0, 1, 67]
70
[3, 0, 0, 1, 67]
71
[4, 0, 0, 1, 67]
72
[5, 0, 0, 1, 67]
73
[0, 1, 0, 1, 67]
69
[1, 1, 0, 1, 67]
70
[2, 1, 0, 1, 67]
71
[3, 1, 0, 1, 67]
72
[4, 1, 0, 1, 67]
73
[0, 0, 1, 5, 66]
72
[0, 2, 0, 1, 67]
70
[0, 0, 1, 1, 67]
69